221 899 327 327 478 -4 -360 -832 684 573 -278 -798 -827 40 195 -243 -257 957 3 -721 244 136 -76 951 -858 870 2 416 -419 346 231 -62 -342 -478 523 260 958 607 -833 -319 -749 958 -204 356
-936 -597 979 186 -999 333 449 684 -508 426 629 -914 -836 -8 -116 -43 717 -590 -938 38 -571 -591 -83 -374 -313 586 59 631 -6 419 480 524 758 504 201 -874 -552 422 300 143 318 -562 -24 -21 777 297 214 -341 -934 -721 353
-327 56 641 366 -805 133 401 571 687 204 -730 -765 -543 881 -466 -143 768 -816 -203 182 -142 504 295 80 -145 -48 167 -647 250 583 -379 -126 -631 624 907 -102 679 854 -611 -306 -357 -231 -2 426 -586 -248
-823 -170 118 133 -691 323 -337 75 -593 -634 -105 -473 512 -193 -859 -404 591 -27 952 74 66 949 183 -751 -580 650 407 -877 -455 226 -966
-676 468 -363 279 765 448 -987 -523 665 283 -842 809 -82 733 -972 -23 -599 568 197 868 296 468 -662 -173 -355 -612 72 -422 -261 -417 -115 -837 -502 266 970 -548 265 715 -231 362 -392 648 -805 -358 -645 -363 128 -314 697 -259 -477 -97 -757 -575 -811 -981 -191 -354 -249 259 184 905 324 -643 225 -350 58 -725 -271 -580 882
51 5 613 -46 -573 -128 731 477 -832 -157 424 -389 978 -351 -781 316 816 367 894 394 -734 -543 636 802 805 248 419 -662 -474 -810 274 653 512 -125 -532 -77 -362 101 -188 393 -325 185 -375 -171 997 -333 751 -795 -632 198 -251 -121 -611 -827 -610 962 639 -160 -294 838 917 32 973 500 -302 -361 877 775
749 -655 -384 -331 -385 141 344 720 -909 -833 324 928 523 -409 817 -964 -848 -851 345 -905 -940 495 -352 -487 422 617 -647 -133 451 785 5 -673 411 -350 323 -20 -258 -129 -489 -122 -859 -311 -732 -799 -348 -589 947 261 803 -435 32
59 -848 947 -260 767 82 -599 -48 -820 -243 -627 333 -401 817 -478 -545 356 357 784 602 -21 -463 -872 982 238 -919 523 -350 -722 -771 -626 -290 25 474 800 147 -191 -127 978 -124 -953 -365 -83 -614 410 -201 330 -170 613 516 238 636 -39 693 712 445 651 -682 944 735 -911 -875 -528 295 -875
473 -718 420 -502 -410 -400 910 -640 435 -548 -997 712 696 -505 -809 -423 973 813 -314 582 291 160 176 175 -545 710 -949 -448 -98 28 504 -584 -674 -848 923 -845 -67 117 445 -416 323 720 961 442 533 -820 752 -367 293 353 10 -859 911 100 194 -8 158 754 -885 625 250
363 -311 -505 -483 77 411 849 527 -575 63 984 198 -517 -549 -371 -185 401 -49 -390 905 -870 -660 131 -608 646 680 754 -457 587 -767 -458 136 -943 610 534 -471 -537 925 -884 -183 274 -183 -812 -697 260 181 -968 -713 818 295 173
175 -318 -574 511 534 -911 -759 103 141 -157 -479 563 -569 552 -719 -458 945 -35 130 955 -981 124 -507 131 311 107
883 -816 680 492 689 926 845 -641 -584 -676 -910 410 648 252 -386 847 -193 291 867 425 -842 -728 976 441 -257 -714 -545 56 899 209 -568 -204 978 853 643 -750 -847 779 917 306 -915 94 6 -812 640 -825 -571 95 922 -520 -303 135 398
271 286 -28 -917 610 -275 771 -288 -548 731 -621 503 18 -303 504 -245 -387 150 -770 -300 247 -449 -408 333 -414 -520 203 713 -20 -435 678 -561 840 295 891 106 -408 649 -284 -689 -221 32 80 -380 606 -307 186 625 970 495 -743 302 -102 -758 2 -935 -932 -795
-233 -955 115 -836 -191 -684 -189 824 100 73 994 481 -358 704 382 734 -603 -18 600 -866 150 390 -220 95 -506 358 -573 720 876 -79 -501 471 -797 -518 588 154 433 -997
-505 -66 -551 -461 571 382 898 -400 368 814 -455 -677 -302 -260 -381 -789 -545 -194 -967 -733 -285 -723 492 418 -274 -118 -891 75 -220 794 -113 218 794 754 805
344 571 -392 962 -280 -972 535 448 170 264 164 524 -74 743 -149 -43 -36 -612 -127 553 -375 135 307 -762 397 -836 413 -309 141 675
-712 -558 907 -554 289 241 -786 488 -124 -974 562 283 -683 666 -651 -292 809 -980 935 -684 959 -701 -954 941 848 112 423 -86 57 367 -17 -501 -556 168 -165 -189 374 835 -377 910 427 401 -210 -434 71 544 -313 -219 -684
-652 771 266 -515 131 -412 -882 -181 127 399 207 237 359 470 906 823 -113 939 0 -779 -465 298 818 476 -418 548 522 -295 -156 115 -878 -814 -833 932 -811 -968 306 -736 -985 168 -663 -555 -206 -683 -718 -666 -239 760 -576 -766 -376 277 894 -601 734 -676 -102 601 499 327 235 221 50 -25 395
101 -395 -672 -993 951 618 -105 950 639 568 -761 -196 59 -256 -516 758 910 -593 -196 741 -627 33 56 320 728 242 563 831 36 963 -723 142
276 357 -510 -528 866 979 801 263 580 342 -264 -448 -595 -23 -196 -66 -998 -171 274 70 111 875 312 -110 847 -18 -5 183 231 -893 -739 98 -863 952 278 -430 525 -691 -393 25 392 -26 -83
511 732 866 -893 142 471 -403 -192 -631 -730 15 706 -664 -777 -609 -534 976 -419 -644 466 398 -96 359 -269 722 639 -354 -145 320 -633 -612 -894 -57 733 -281 -819 79 -868 133 -174 -362 -221 -393 357 -389 775 -583 611 -699 -155 929 608 588 -337 -122 115 -688 -687 -72 -510 680 232 -706 468 446 99 843 -30 -254 -164 -537 223
-265 469 367 -549 854 -64 394 -547 -902 504 -152 -709 -456 -399 -999 -507 -962 148 196 365 68 41 -923 162 -453 575 187 -739 155 629 350 -167 -935 -321 173 -191 -42 -949 21 24 937 -60 -603 264 325 202 -441 -787 680 224 105
-724 -138 -354 937 507 -10 684 382 768 544 883 -777 -220 835 -995 -837 -725 -301 847 673 839 -976 -531 -776 -22 -653 668 -449 831 109 537 236 -113 771 -5 -619 -818 -4 349 -131 597 -754 200 680 172 -317 620 -900
116 851 16 -664 800 -39 -370 858 -775 -430 -534 -574 246 -802 553 -178 -688 484 -203 -30 885 -859 -395 -317 -509 -363 181 -743 -465 301 -270 -186 -860 -929 -592 -779 -630 -618 57 400 405 361 113 -140 354 -815 880 -392 269 965 -67 -986 -788 664 -274 -210 -909 524 -939 676 -193
832 395 -990 867 -991 971 390 829 868 -611 -578 -875 577 -312 369 754 -120 533 -125 -375 514 756 608 488 -797
913 739 -112 -699 -226 -117 621 420 883 34 -60 399 824 -176 738 917 -249 -924 -993 -386 438 526 690 -765 -930 692 -510 848 -74 -177 -266 -245 -86 -356 -57 256 -281 -523 888 101 -72
528 -111 868 506 143 225 64 874 698 -573 140 -297 700 775 44 -263 -740 573 405 -186 96 -958 -922 -712 828 784 817 188 -431 -903 572 343 158 -77 -807 114 95 753 721 -650 -601 -924 85 -128 170 -287 -661 544 323 101 280 -246 190 -489 93
592 154 -888 -604 -762 -18 495 823 181 -642 116 -207 -218 -532 435 -86 498 270 -687 992 -537 -478 909 -286 -322 788 674 195 238
-841 106 803 -422 611 -28 983 132 926 294 37 513 544 -773 -994 -866 -122 646 790 897 89 711 -18 994 -76 671 -216 -872 42 533 539 164 -494 -839 -995 -529 -411 425 -974 322 -24 95 949 125 621 720 363
-921 -442 242 -708 -238 -607 -222 8 252 765 473 -957 -37 197 -930 130 -553 -215 -374 53 627 264 268 687 881 715 990 -327 -861 666 945 -706 726 -42 945 -11 -590 -965 -441 -775
328 863 -403 219 484 976 785 -825 721 -906 899 710 967 76 273 -794 282 -510 -920 -517 -661 724 -259 -741 -131 138 -498 -696 -31 426 815 -94 -774 -173 -533 973 -653 857 427 -114 -646 -939 -857 -201 103 -898 904 485 275 160 298 374 400 785 -394 -482 709 -142 73 -939 599 -348 -132 -614 196 560 -862 991 820 57 461 154 456 -344 -572
-420 48 -918 585 313 -681 893 -92 765 335 966 129 570 -589 -650 285 -818 615 73 46 -355 516 -837 676 -933 385
-848 -832 425 -130 -347 134 995 -615 -720 -427 -878 -30 133 -13 -624 -697 535 -973 502 458 857 648 -556 240 868 534 -640 469 -60 260 696 -173 9 807 393 -303 260 -447 392 701 832 548 -728 -771 -823 527 915 -278 311 326 -618 -522 -532 607 62 190 -810 977 -60 -380 131 940 -339 -811 -112 211 -216
797 -613 579 401 399 922 404 -544 543 578 -982 -446 714 79 499 -410 -26 -368 476 910 482 587 -942 -227 -368 -31 -272 -461 -704 390 463 -682 -922 634 -802 -481 -460 909 -353 -675 75 -28
-372 332 7 970 865 -116 -124 944 -367 -995 -316 -304 -421 -973 382 -330 730 985 -970 -223 -50 -815 -565 -483 35 -325 -909 -933 492 -798 309 736 510 383 283 -71 801 -841 -535 -31 792 869 84 -550 -895 487 -267 -441 -443 -404 79 440 -39 -288 638 -279 449 -857 8 -424 -589
276 -822 697 -609 654 446 376 768 -628 911 971 16 -687 905 -610 707 621 -197 979 487 -213 -896 -872 477 -259 697 -486 78 9 -756 -512 -594 818 -862 487 -2 -716 -617 780 -944 468 -752 962 -286
866 -730 -469 580 39 74 50 -68 -774 32 -869 -558 88 99 730 982 -23 617 -88 561 215 -745 -877 -489 -926 -674 -408 -886 -897 937 -324 -405 -589 923 -860 -226 -519 737 -893 -630 554 277
798 564 426 -663 -289 -554 -870 120 -359 567 -24 766 -414 -68 -744 -821 252 532 857 -380 704 -276 -93 -832 473 -736 -591 720 -773 -841 521 -174 -339 -431 -65 955 980 367 402 -11 -462 60 -180 57 -327 976 -573 783 -538 -13 87 82 54 838 -491 -678 388 -721 98 992 139 881 -451 -336 340 843 337 -699 892 -243 590
-37 632 -979 -574 -925 116 -290 -113 -998 182 -634 -32 -544 -472 802 -237 692 378 692 2 -113 944 -60 841 -191 608 4 27 807 591 -441 166 -600 -194 -354 465 -165 205 851 -372 290 -985 453 -595 -180 -824 50 455 -677 -263 -103 206 -575 276 -402 790 -462 812 -593 -925 347 451 540 -585
256 227 949 -92 -198 -710 -638 -49 -517 -256 765 -747 999 -920 94 865 -708 -763 92 326 958 778 800 220 267 -370 -74 -779 -493 -999 -773 623 803 -222 -112 -135 379 457 -241 200 175 -825 663 165 -363 -33 149 -514 -841 -114 437 -255 698 626 907 431 186 -108 69 -690 -612
643 770 -482 -235 -757 -56 -803 673 418 606 562 483 -844 -881 72 -876 -61 -453 516 158 796 214 748 -607 688 -796 866 -324 148 -595 519 -690 210
967 365 951 -545 -615 -575 91 -27 -197 637 208 -405 -764 624 185 240 -931 -66 273 614 -732 -752 692 12 413 91 -203 -441 -273 703 364 -902 -919 40 800 -468
583 9 485 201 -737 -693 -840 -947 -112 247 -952 -546 533 -176 -121 -683 -874 -176 -178 -33 -693 -460 -724 -442 -532 -637 923 -753 -771 -164 -323 821 631 260 452 860 -544 103 838 382 11 -363 -952 528 964 747 -478 345 449 -217 272 -900 243 -502 930 -382 -345 -936 932
-887 -955 568 256 925 412 -895 -925 -894 259 -594 -614 -494 -978 -733 575 -855 -401 -314 -159 -832 -503 -732 355 585 -87 246 328 96
75 -122 4 -353 86 423 36 -112 -498 760 -227 302 -754 -795 -827 -240 -397 803 389 -215 -108 429 965 814 -176 -603 938 13 577 876 -867 -557 -116
552 340 -903 -560 386 12 -281 762 -918 860 650 -307 345 504 423 -376 -755 -286 481 -439 744 373 759 -881 261 -618 20 248 424 -215 94 -244 -22 -275 -236 -14 172 967 639 402 -173 782 -100 241 -686 -953 93 776 125 -238
195 -435 739 -300 -298 641 280 -104 489 -725 546 -668 -842 -280 -419 962 -888 331 562 879 669 301 -805 -857 -186 667 247 608 672 -690 -54 -36 762 406 537 198 297 -874 -570 718 -256 -428 -771 213 -853 -254 -192 573 334 -926 -997 -818 -131 -457 -319 421 -104 410 -185 880
-787 221 88 -837 893 736 533 901 -383 -169 977 -774 -793 52 -54 509 -789 -977 -619 -532 -250 -277 -353 308 -616 23 -691 -544 397 86 -415 -603 -883 -412 781 12 973 -670 440 -685 -483 -611 -64 885 658 -503 -692 -832 -147 -277 -46 -278 -554 994 -499 781 378 359 -845 893 798 227 247 -654 -777
-763 -455 -963 -801 155 -10 -115 728 -565 970 172 -160 129 -254 -572 -226 598 -571 188 272 181 -820 -808 -606 -228 -437 391 -189 -638 291 -858 -949 719 -848 -415 -547 -663 493
-47 698 -404 919 -561 -722 74 -324 55 -804 -163 -60 385 -166 680 296 -369 24 -759 876 -87 369 -910 -999 -56 70 -103 -972 -24 124 -319 724 814 788 -666 942 -791 847 -37 435 -891 884
957 243 -150 880 -553 -504 557 -441 980 676 -60 -398 834 -694 -22 590 -450 263 -389 -387 735 -254 -258 136 -248 627 -617 517 798 206 -325 115 417 -218 -45 709 583 934 908 83 726 76 -137 22
-331 -357 894 155 -350 -895 323 -957 8 800 387 -304 410 569 -116 -563 32 -520 543 808 -314 -73 369 -128 64 -833 599 -853 384 -593 566 -864 481 948 148 914 164 263 229 -477 585 -861 187 -974 589 -578 851 -274 272 -800 -8 -719 -830 -549 -812 263 908
-575 -130 -147 923 -770 -875 -55 -967 -548 726 -180 121 42 332 -663 -302 879 -375 964 659 599 690 760 506 798 375 9 539 766 251 333 -646 129 -19 -944 113 856 -74 386 308 -243 669 266 -776 750 -212 -974 -918 -863 -535 -954 -683 436 -288
-806 676 173 -154 -626 -78 869 -290 -857 743 -255 677 -251 -393 216 761 -761 819 -292 114 72 -19 -845 -404 976 -595 -612 -111 -945 -171 -655 812 744 461 128 83 -45 -121 -544 458 -403 -849 -701 265 0 982 -857 -528 -205 -786 840 749 -675 -303 -42 665 819 -998 346 -227 278 -355 450 -394 174 167
-8 84 67 195 -345 -136 -112 698 512 -714 643 985 347 413 -814 369 98 688 562 -2 -605 -347 728 -49 431 -380 728 483
-656 -105 -553 370 415 8 556 -581 -799 -42 551 -307 417 593 -996 454 390 -325 -534 -894 -230 935 311 826 -763 -681 -453 645 -131 -650 -673 -831 970 -490 -466 922 387 146 365 -121 -272
-857 -477 -479 -737 -145 -696 55 792 34 -692 -135 -245 762 -993 -626 -431 -19 257 -610 -167 -232 491 -48 -96 -618 -914 -252 377 -197 772 -948 -962 -656 -874 614 -893 -972 576 -137 890 -488 826 -379 -123 -968 -594 454
406 -388 214 534 683 438 177 -586 -874 -627 -585 -283 457 -427 128 120 460 -256 118 -234 -726 -719 231 596 184 937 257 -831 -45 -73 -911 -658 -560 973 -641 -976 923 -451 -748 -163 409 960 216 84 868 -163 -318 527 -997 351 642 -549 370 237 -634 -96 -800 -550 -705 931 507 910 668 -506 -311 -893 -546 -838 -86 -905 -817 -686 -578 -560
-91 -104 -409 88 631 -164 -64 977 684 -308 949 144 633 661 -36 -942 396 972 -518 -665 740 379 -309 198 150 311 -903 -31 -711 -49 184 907 750 173 -474 760 -310 382 568 469 143 -773 -497 -119 506
-310 98 -211 -8 331 639 705 -590 -476 -220 345 -118 -252 -211 -204 -573 588 -497 -982 751 391 -244 -378 105 -129 -290
951 -231 593 540 -238 -658 -28 -919 772 -220 -448 -450 363 -811 711 627 595 -146 -514 -270 535 313 674 786 611 -64 -908 -684 -326 943 -528 642 912 179 936 709 -97 348 243 367 -116 357 -385 -104 -260 60 -423 -835 -204 615 -46 801 201 -346 896 534 -794 849 788
-738 -235 -811 577 651 472 590 688 388 -476 974 -334 600 449 983 119 796 307 -527 14 484 -565 -62 -948 606 -626 -227 -229 -411 843 -807 -207 -545 585 -82 443
-200 731 864 -603 76 922 -39 63 177 273 -463 311 408 728 -686 188 -623 649 -997 -694 -85 -114 -245 -933 119 493 -597 290 -873 371 -720 435 95 101 -933 575 774 -127 -856 -523 -732 975 -249 -535 -638 -272 298 895 -949 190 296 -107 -365 384 -630 -726 -46
-858 848 115 -583 899 -661 -996 -146 953 657 -321 -509 598 -316 -142 -475 377 -619 -776 25 928 951 650 -808 154 -212 -475 -16 -523 -505 -663 741 730 764 -199 768 732 -135 961 582 811 -102 -382 77 -210 124 895 -797 791 401 35 861 526 -436 576 16 132 477 751
189 -898 -558 609 -138 -130 449 -298 204 -296 85 -575 -282 976 989 -306 -414 -1000 -638 -923 -438 -430 892 -85 831 833 -649 398 -424 612 247 -7 979 510 -673 -935 -857 190 736 -629 932 125 -505 363 499 89 492 829 994 643 205 -580 198 -641 824 -900 679 53 -485 -241 -118 43 -394 678
-647 -952 -828 -613 -570 -905 793 -613 13 -589 -497 107 -850 915 165 662 -221 -221 -539 -234 -933 374 -925 25 268 642 -342 -431 -713 -453 595 -687 588 939 -528 756 939 654 781 -248 128 -619 -187 506 -570 -333 195 906 163 995 -678 -99
-262 -656 -308 -917 481 -485 -361 -869 -100 -371 252 -245 -828 470 570 341 -308 -310 -758 -348 -653 -966 -436 35 -170 273 -328 -494 -829 -213 -609 41 -275 295 86 285 372 -912 -631 -274 -261 200 110 964 -474 -770 -682 128 150 -931 -965 -180 -787 387 174 301 300 695 -152 538 -835 -62
678 -477 -710 811 132 -158 369 735 242 642 -655 333 88 -376 581 21 -587 339 -532 102 849 713 402 -896 -921 465 -889 908 40 -603 208 -911 -507 16 -465 -310 116