792 N/A -911 564 343 N/A 553 -570 254 N/A -634 N/A 846 -172 562 243 N/A 962 155 -732 679 598 -3 514 572 N/A 568 -773 881 -379 0 N/A -680 N/A 803 -49 -965 N/A 680 702 694 N/A 773
-172 245 533 N/A 801 N/A 576 -169 N/A -111 -536 107 393 -566 745 -774 N/A -915 -727 95 N/A 70 -579 405 41 -938 -884 -60 N/A -378 N/A -647 N/A -714 -38 212 -213 537 -478 N/A 608 343 N/A -789 -785 -794 -286 -94 N/A 886 793 -413 N/A 431 -867 N/A -442 366 N/A -885 N/A -856 N/A 422 985 -382 258 N/A 829 -102 774 N/A -385 546
590 -542 325 N/A -244 762 388 N/A -806 761 18 45 N/A -508 N/A -942 -455 317 -506 -857 -748 N/A -872 N/A -613 N/A 403 77 N/A 869 -134 N/A 651 -985 N/A -458 N/A 215 411 448 51 198 N/A 132 771 -367 -111 -279 859 N/A 207 -350 723 N/A 3 -116 -113 139 N/A 478 N/A -674 136 -968 143
369 N/A 725 -360 869 N/A 167 -980 -24 -953 -445 N/A 956 647 662 N/A 315 -848 N/A 352 544 N/A 260 264 -614 115 N/A -300 935
491 835 575 N/A -649 346 N/A 582 -937 N/A -260 494 289 324 N/A -815 -6 N/A -216 N/A 882 310 -673 N/A 279 779 -810 66 N/A -627 -822 N/A 567 N/A -214 -589 626 580 N/A -522 N/A 385 -904 370 791 621 N/A 461 -711 -440 -491 107 84 368 873 776 -732 N/A 620 N/A -62 512 960 N/A 23 N/A 748 -121 909 N/A -755 388 -978
719 461 515 881 8 -376 N/A 599 N/A -138 N/A 363 N/A -590 N/A 990 N/A -878 -691 621 N/A -636 N/A 44 -180 N/A 841 -340 612 -976 885 -729 986 -755 -301 379 -697 638 -583 N/A 583 259 -372 991 N/A 668 N/A 990 -659 -331 -488 N/A -832 N/A 484 N/A 963 439 523 7 481 -262 589 N/A -304 587
-177 20 N/A 693 N/A -494 435 N/A 732 -187 N/A -789 N/A 223 1 181 N/A -722 640 -360 261 -722 -59 40 59 -952 -633 -190 107 -866 N/A -148 -822 N/A 764
-420 600 N/A -872 -299 -201 949 -345 -348 -350 945 738 N/A 684 N/A 742 -395 307 N/A -89 -70 N/A 25 -975 N/A 385 -14
993 854 N/A 884 -31 -826 N/A 604 -560 987 -45 506 -158 297 -26 N/A -644 -623 175 323 N/A -972 510 N/A -773 -475 6 -694 N/A 960 N/A -624 -359 -894 -136 -497 N/A -280 -157 -260 N/A 624 146 N/A -376 -754 303 N/A 124 -316 N/A -971 450 N/A -694 N/A -703 136 -311 N/A -626 N/A 638 -813 961 N/A 816 -45 225 -124 -552
581 -662 761 N/A 204 -62 615 N/A 636 N/A -798 501 641 105 233 N/A 348 -377 -722 -599 N/A -906 694 325 N/A 5 -631 N/A 747 -631 935 433 N/A 349 N/A 886 N/A -604 813 -978
769 755 N/A 751 -628 180 -137 -740 286 -627 N/A 10 389 -431 N/A 376 N/A 834 N/A 561 -25 324 N/A -123 N/A -228 N/A -674 648 93 539 N/A -381 348 660 -623 -22 -890 -798 N/A 322 -341 867 -874 N/A -779 286 -912 713 N/A 865 N/A -797 906 -574
716 N/A 738 72 226 N/A 883 834 355 N/A 888 N/A 336 N/A -910 -77 N/A -31 415 N/A -603 -20 607 -625 967 211 -781 687 937 560 -499 N/A -295
-292 -605 -710 276 -674 -273 980 N/A 77 N/A -769 -355 N/A 843 -521 -398 N/A -784 -704 -871 N/A -748 951 791 N/A 586 -455 N/A -561 179 N/A -262 N/A -429 870 -57 362 -322 -925 N/A 172 N/A 594 -214 -625 -752 N/A 145 -645 212 891 283 -686 N/A -822 306 N/A 448 N/A 855 258 689 -532 N/A -218 N/A -530 320 922 256 723 N/A 293 501
-93 N/A -173 N/A 367 415 N/A 498 414 992 N/A 555 -630 N/A 991 N/A 325 768 158 210 244 24 -240 -486 -191 619 N/A -906 N/A -734 -522 -564 -905 242 N/A 802 -747 N/A 896 82 -373 N/A -927 746 -808 389 619 -320 N/A 780 -665 88 N/A -889 N/A 96 -858 136 -586 897 394 -469 N/A 204 N/A 513 -296 697 N/A -365 -588 755 -444 N/A 625
-42 N/A -889 -393 -359 -713 -570 733 -225 N/A 541 865 129 N/A 461 N/A 498 -475 201 -439 N/A -498 N/A -412 N/A 621 -849 N/A 316 56 N/A 937 -382 -513 -236 653 N/A -918 737 -770 612 -560 N/A -22 218 -627 N/A 382 546 N/A -204 -780 263 235 698 N/A -63 -196 N/A -131 N/A 830 -329 755 132 67 818 -663 N/A -71 841 -305 N/A 232
631 231 -224 -940 N/A 190 N/A 997 N/A -389 N/A -911 N/A -419 101 823 N/A 934 -254 -839 284 -841 868 N/A 111 148 N/A -559 -942 801 -690 -458 N/A 690 N/A -87 132 779 -124 540 361 N/A -174 513 -180 N/A 66 166 330 883 N/A 382 -117 -88 63 -812 N/A 33 -607 N/A -391 N/A 227 -200 -242 309 538 N/A 546 N/A -62 907 -228 416
950 860 N/A -99 -171 -188 N/A 888 N/A 262 581 676 -231 -801 -959 N/A 548 67 932 -379 827 N/A -601 -152 N/A -229 -572
930 801 N/A -30 393 -920 358 767 768 516 76 456 715 -300 N/A 493 326 N/A -30 807 N/A -869 N/A -49 -932 N/A -712 -863 N/A -858 767
-89 -695 N/A 332 N/A 315 231 379 443 N/A -160 -115 N/A -885 -617 412 413 -579 735 N/A 99 718 N/A -777 N/A 976 -290 -14 338 N/A 297 309 -867 N/A -596 -72 N/A 902 -210 618
188 N/A 936 N/A 66 372 -922 -419 N/A -577 834 -310 N/A 914 -921 -362 N/A -432 -359 -641 108 N/A 742 541 N/A -228 -967 N/A -192 -400 N/A 427 -360 961 -659 -363 N/A -347 N/A -12 N/A -369 -60 384 -36 -772 503 -715 43
-208 -449 N/A -544 -792 876 -252 -936 -668 -149 -324 971 458 N/A -26 N/A 880 -832 -74 -652 N/A -738 -821 717 N/A 493 N/A -296 N/A 151 904 572 N/A -678
473 N/A -659 -523 735 -841 N/A 271 N/A -874 379 786 6 N/A -860 725 N/A 700 230 797 -282 -714 -853 387 N/A -315 872 446 N/A 468 -631 N/A -920 357 N/A 196 -876 -240 N/A 956 -363 10 N/A -635 N/A 390 564 -838 -36 -163 -933 N/A -145 N/A 548 -847 683 238 973
881 -678 N/A -854 896 -468 -217 -107 22 N/A -92 N/A -79 N/A -351 -564 -290 N/A 659 -929 -31 N/A 120 -785 277 990
-909 849 N/A 370 N/A -919 -906 N/A 205 97 837 -810 N/A 680 N/A 390 545 -945 -798 -542 N/A 611 -650 N/A -558 307 540 N/A -889 460 -538 675 -268
792 -466 N/A -939 -537 -876 N/A -513 -204 -61 N/A 632 N/A -451 N/A 815 319 -561 N/A 566 N/A 335 N/A 235 387 888 758 -133 330 -473 -353 -953 497 N/A -287 N/A 451 854 N/A 233 221 289 -186 -514 N/A 31 -809 955 377 N/A 513 493
-33 -639 275 N/A -490 -412 N/A -600 N/A -367 -658 -322 921 -839 N/A 725 -703 N/A 118 -932 397 N/A 605 443 N/A -733 762 992 565 840 -533 870 160 40 N/A 116 364 N/A -751
-908 424 N/A 615 107 523 819 N/A 682 -73 N/A 174 -594 N/A -159 -116 -201 N/A 36 -874 N/A -847 N/A -227 -241 N/A 937 960 N/A 741 128 -214 120 N/A -530 209 N/A 883 355 978 -175 167 -23 -385 N/A 446 N/A -149 285 N/A 132 N/A -607 -15 -217 17 864 -839 338 -735 -658 N/A 660 338 -677 769
449 198 N/A -400 -975 61 -98 -665 -134 N/A -392 -967 -729 437 N/A -379 N/A 221 -935 -291 -845 -928 -485 160 875 N/A 73 N/A 966 N/A -608 383 -141 -127 N/A 211 N/A -153 N/A 62 473 N/A -448 -110 372 691 215
-839 978 322 833 776 N/A 556 252 N/A 245 N/A 567 35 -795 N/A -432 N/A -600 -815 -557 737 317 957 N/A -552 -816 902 N/A 354 854 323 501 -594 N/A 417 527 509 N/A -808 419 -739 842 188 749 213 662 N/A -990 -152 N/A -107 -288 389 N/A -979 N/A -694 34 N/A -330 N/A -531 N/A 476 N/A 541 N/A -456 33 -411 -470 945 -88 -477 -661
-446 -981 951 N/A 578 -590 N/A 97 160 459 N/A 250 N/A -502 461 470 95 N/A -771 440 N/A 724 -298 N/A -495 -827 -931 847 -387 512 N/A -252 -435 998 701 N/A -177 432 -400 -72 127 319 -911 -45 N/A -830 428 N/A -472 N/A -49 N/A -851
-512 -358 N/A -39 257 -671 -79 N/A -570 391 -514 -707 N/A -623 -316 811 -823 N/A -79 N/A -780 -190 540 N/A 806 -704 -704 -897 -731 N/A -106 524 N/A 279 N/A 825 -560 374 N/A -317 927 N/A -790 N/A 736 -537 -875 978
-283 N/A -410 -127 838 N/A -173 N/A -197 136 88 823 -935 N/A -466 170 -286 531 193 N/A 997 886 -682 -307 -419 N/A -728 N/A 488 N/A -767 -426 N/A -930 563 633 N/A -463 -750 309 -876 106 -724
544 -204 -949 -417 N/A 732 -849 -622 245 193 175 N/A -556 N/A 148 258 486 -81 N/A 120 N/A -526 843 711 -667 N/A -579 -230 -187 -43 -885 -548 N/A 69 N/A -93 944 -214 654 N/A -436 N/A 673 523 N/A 325 -52 663 694 -418 N/A 132 -538 N/A -683 N/A 457
-256 N/A -158 821 603 N/A -646 N/A 575 N/A 210 780 996 N/A 819 N/A 680 -287 N/A 955 -168 N/A 134 N/A -465 78 742 -126 -81 N/A -589 -624 -521 -731 362 336 N/A -578 483 -806 N/A -941 N/A -819 N/A 177 239 -907 142 -772 958 -774 125 616 608 -715 N/A 609 -750 718 -881 N/A 151 304 -875
-886 -256 946 -580 -607 -53 N/A -638 -854 N/A 163 N/A 480 -5 181 N/A 844 -720 -313 N/A -755 877 -519 -922 -811 76 -832 -700 N/A 403 -486 795 N/A -248 N/A 936 -181 565 452 N/A 405 N/A -878 694 N/A -861
-378 872 N/A -229 740 N/A -838 -421 -703 -212 N/A -386 -796 -946 N/A -961 -435 N/A -662 N/A -305 44 -831 N/A -233 628 115 -347 793 N/A 567 N/A -443 994 -35 878
537 N/A -234 24 -819 N/A 752 -181 -437 930 N/A -487 -714 -377 889 N/A -390 N/A 575 721 N/A 162 N/A -599 -812 -72 235 -880 114 -204 -286 93 819 N/A 990 -624 N/A -946 -745 -485 -350 734 -16 N/A 431 N/A -230 -618 -343 N/A -653 N/A 216 819
743 N/A 901 457 -220 -420 18 270 -368 N/A -320 N/A -906 -498 793 206 -312 N/A -256 -310 N/A 795 138 N/A 546 -424 471 N/A -545 -589
-40 N/A 877 N/A 72 N/A 206 -854 -554 -349 -261 -699 N/A 658 805 700 401 N/A 51 75 -823 528 992 -621 -420 -380 903 150 646 12 N/A -89 N/A -115 738 -486 N/A -750 -747 N/A 659 N/A -477 961 23 N/A -623 339 N/A 572 -467 -534 N/A 197 813 N/A -344 N/A -306 676 N/A -848 -376 408 N/A -39 322 673 -583 940 268
505 743 N/A -943 790 516 -450 N/A 798 -979 -208 357 N/A -424 -429 215 N/A 680 N/A 364 N/A -747 -57 963 591 -134 -865 774 N/A -716 N/A -730 -601 N/A -39 N/A -196 -153 -60 843 -355 N/A 842 N/A -493 560 N/A -15 -324 -188 -929 798
-36 972 N/A -860 -449 -134 N/A -101 586 N/A 758 -219 N/A -549 N/A 716 -518 1 N/A 988 808 -660 -470 573 N/A -532 N/A 54 N/A 481 429 -296 N/A -992 -734 438 N/A 340 -134 663 336 -862 -899 -448 264 N/A -952 -220 N/A -443 -626 860 -15
-41 -443 733 269 N/A -658 -373 -784 N/A -981 -357 -236 N/A 150 -883 591 824 N/A 774 -542 N/A 660 -353 699 -579 -712 -95 N/A -485 N/A -665 N/A 664 N/A -900 -539 N/A 997 -234 462 364 N/A -644 598
-982 N/A 99 487 -391 408 N/A -101 -606 -136 621 N/A 157 997 193 -907 N/A 803 -484 N/A -536 N/A 648 N/A 238 -263 -545 N/A -43 561 514 N/A -392 958 -194 -600 -918 -240 -35 N/A 696 274 -131 -525 N/A -637 N/A 391 450 -900 -923 -743 676 747 N/A -97 322 N/A 310 N/A -740
-960 N/A 717 -577 -429 -452 894 -14 N/A -667 999 N/A -864 -868 -31 -907 N/A -566 N/A 134 -903 -392 -834 N/A 363 318 -819 N/A -170 N/A 885 -986 N/A -289 -523 214 N/A 258 724 -511 N/A 150 -140 985 N/A 762 387 -347
380 503 -86 N/A -215 N/A 425 N/A 672 N/A -251 N/A 173 -661 248 716 14 N/A 951 N/A -791 958 -925 719 -625 N/A 8 573 -94 -995 402 -576 299 -196 -177 95 -145 N/A 382 N/A -468 -724 N/A 337 499 -786 N/A -5 -125 N/A -512 -660 786 -385 N/A 147
299 650 -131 77 N/A -126 -520 -652 -513 793 -658 N/A -583 780 985 876 N/A -851 N/A 228 N/A -174 -928 491 178 74 -127 N/A -619 -676 529 163 -949 N/A 897 721 -731 375 612 750 594 N/A 223 -471 N/A -386 -958 -651 N/A 22 41 N/A 406 N/A -481 N/A 560 N/A -820 N/A 369 -44
-516 -483 594 -696 -923 N/A -694 557 637 769 N/A -917 N/A -428 847 N/A -346 N/A 291 662 N/A -929 N/A 557 N/A -992 -978 -127 -840 964 -508 -735 851
731 N/A -12 -11 110 N/A 843 -99 -739 580 N/A 617 N/A 967 -743 157 -564 N/A 559 -179 N/A 404 -229 -706 785 665 N/A -248 N/A -752 -151 N/A 85 -825 -953 451 -598
470 569 N/A 923 -692 N/A 178 -527 -298 N/A 919 -391 N/A 907 N/A 339 N/A -536 -881 N/A 119 N/A 428 N/A 35 446 123 -337 614 415 N/A 911 N/A 343 -519 -223 209 364 120 -127 -885 N/A -849 997 524 -604 N/A -905 777 623 697 -579 849 -344 297 208 879 N/A -179 -765 -674 927 N/A 928 -5 -404 N/A 885 N/A 919 N/A 439 983 -615
-993 N/A -675 420 -331 N/A -348 N/A -100 N/A -136 N/A -536 188 804 N/A 883 -428 N/A -405 -596 N/A 268 N/A 299 -436 N/A 84 734 -59 -315 N/A -662 N/A -282 -643 N/A -398 95 N/A -396 949 804 -489 48 447 799 37 255 188 N/A -135 918 -370 676 58 520 251 N/A 153 -344 N/A 617 -513 794 106 -743 949 -601 -695
412 -440 623 -969 -459 N/A 375 -283 N/A 523 N/A -158 -542 664 -574 508 175 N/A -416 991 624 587 44 N/A -914 N/A 506 770 -934 N/A 96 N/A -209 -439 N/A 829
-94 -995 416 92 345 N/A 111 -279 267 -156 N/A -26 -474 N/A 462 -613 -341 -767 N/A -264 N/A 412 N/A -940 -458 124 N/A -251
-958 495 174 -330 376 N/A 302 -330 -139 408 N/A -977 -674 -368 -964 676 N/A 691 660 N/A -49 324 N/A 286 N/A 61 -355 289 155 584 123 -820 96 N/A 751 432 N/A 248 N/A -806 -328 N/A -524 -517 758 N/A 239 918 139 715 465 N/A 772 496 N/A -641 N/A 155 N/A 432 N/A -225 -157 152 -19 219 -384 N/A -240
82 -668 N/A -460 N/A -545 660 682 264 N/A 785 -305 -967 N/A -264 144 N/A -665 N/A 484 -45 N/A -613 N/A -38 -280 658 N/A 862 971 -959 637 193 N/A -331 -670 39 N/A -966 -390 329 -452 -345 -631 -506 73 N/A -777
626 N/A 844 N/A 394 N/A -778 593 109 -763 N/A 561 N/A -251 -881 268 -779 329 989 N/A -932 -818 -31 -229 -730 990 903 61 N/A -861 -307 638 117 191 -959 N/A -983 N/A 26 N/A -381 712
-269 -266 N/A 269 -656 N/A 150 -586 -363 -150 N/A -801 91 -145 N/A -163 373 -292 270 -134 -476 708 N/A 908 N/A -844 643 -271 N/A -690 -967 N/A -351 -465 -917 N/A 8 539 -2 -623 49 N/A -589 -21 N/A 459 N/A 983 -666 -60 472 N/A 211 -701 -441 N/A -756 607 866 N/A 758 694 -639 N/A -917 -229
622 658 N/A -421 348 331 N/A 376 N/A 808 558 -23 N/A -984 460 536 -374 209 358 N/A 212 826 N/A -155 22
698 N/A 372 876 N/A -756 313 -384 599 N/A -768 -478 -673 576 -357 N/A 21 N/A 298 740 N/A -66 -978 308 N/A -825 -191 293 433 272
-530 N/A 572 505 N/A -482 610 534 -956 N/A 729 539 318 -479 N/A -910 N/A -356 368 -206 788 -645 N/A -700 713 -729 828 218 863 N/A 348 N/A 439 707 N/A 343 38 478 290 N/A -609 280 N/A -205 689
396 457 N/A 741 315 -694 936 -611 760 2 N/A 760 -96 -190 -1000 -18 N/A -677 192 45 -306 88 N/A -448 -828 -722 N/A 662 N/A -316 983 616 581 N/A -275 -847 N/A -128 -460 N/A -68 598 N/A -645 782 -102 N/A -70 N/A 266 -811
-900 194 930 N/A 399 432 643 671 N/A -813 -511 -142 -304 506 N/A 460 -252 N/A 937 N/A 901 N/A -966 -64 385 N/A 901 N/A -109 -254 -294 679 -243 N/A 817 930 N/A -116 -708 717 -787 -68 N/A 353 N/A -207 -702 843 N/A -787 N/A -416 362 -485 -338 N/A -961 -824 -859 625 -953 N/A -277 N/A 963 -8 -403 -798
-339 N/A -324 -806 N/A -215 -953 630 -718 N/A 823 821 -320 940 N/A 430 -203 -960 -651 N/A 276 539 -394 N/A -203 N/A 20 N/A -534 -523 N/A -103 N/A 125 -668 127 -516 -698 389 -256 554 383 N/A 394 760 N/A 908 -459
671 -483 961 -941 685 N/A -926 99 -599 -270 N/A 896 900 -465 N/A -569 N/A 630 N/A 375 589 358 -533 N/A -683
993 877 402 655 -373 N/A 197 942 N/A -46 -907 231 -361 964 -812 N/A 958 405 N/A 488 44 N/A -81 812 -848 -356 N/A 266 -426 641 367 N/A 858 941 -990 -219 N/A -417 N/A -27 867 N/A -416 893 N/A 304 N/A -868 819 841
867 890 -885 536 812 682 N/A 593 N/A -539 N/A 142 631 -6 964 -434 N/A -952 -907 806 N/A -236 N/A 380 -909 669 -158 N/A -218 -945 689 N/A -465
452 N/A 826 517 958 874 N/A -193 514 N/A -124 N/A 896 800 N/A -42 N/A 391 907 -821 -579 761 845 774 -322 135 101 443 N/A 623 -643 N/A -577 N/A 218 830 N/A 811 -559 N/A -811 317 -784 -288 418 N/A 607 -178 320 591 N/A 989 N/A -983 55 -292 -816 37
988 N/A -319 647 N/A -675 727 -661 171 -143 N/A -703 N/A -574 938 -602 913 162 -673 -675 N/A 431 N/A -403 143 951 -909 898 129 295 -512 -653 N/A 889 -359 N/A 618 N/A 831 -200 -178 -441 N/A 55 -742 -363 188 -631 N/A 606 N/A -554 993 N/A 185 654 901 -753 N/A 570 N/A 452 N/A -764 -3 -482 5 787 692 N/A 510 -703 N/A 543
-822 -613 346 202 59 N/A 850 -669 N/A 110 -990 N/A -579 N/A 484 -528 -213 938 -779 -151 893 662 436 5 187 N/A -364 549 -208 N/A -968 -849 -904 N/A -128 -274 N/A 567 -445 -743 N/A -100 N/A -553 N/A 705 -630 -775 N/A 264
-689 N/A -149 N/A 574 N/A -245 -8 -522 65 N/A 53 -698 -752 -719 N/A 215 683 486 715 N/A -5 N/A 388 -614 736 -636 384 964 -308 N/A 369 -835 -75 83 626 N/A -176 N/A -368 937 787 N/A 345 385 N/A -325 583 -826 738 885 N/A -92 190 N/A -47 N/A 529 -605 298 -443
-42 -978 N/A -577 901 -639 841 N/A 342 N/A -640 92 N/A 696 488 -729 122 N/A 396 59 N/A -979 557 -612 563 -328 -951 N/A -821 -815 N/A 719 -795 -459 -942 -680 -132 N/A -240 N/A 463 N/A 836 711
-325 968 951 N/A 748 -104 -312 N/A 941 652 -737 N/A -582 281 N/A 727 880 -20 -857 357 N/A -319 -82 N/A 79 -143 N/A 428 939 N/A -96 683 698 463 N/A 940 N/A -868 -795 494 N/A -68 467 -769 -462 -920 -953
886 972 N/A 990 -808 885 60 551 -387 N/A 139 N/A 124 227 -994 -367 N/A 217 N/A -841 972 -875 N/A 330 N/A -148 N/A -113 287 -643 -746 -113 N/A -416 -452 -615 N/A 455 N/A 351 -128 -59 466 -105 N/A 859 854 -934 866 159 N/A -454 396 356 702 N/A -184 923 401 -757 N/A -380 -707 N/A -204 -158 860 -148 N/A -632