-3180.0
-9766.0
-4052.0
-434.0
-5941.0
-1796.0
-1470.5
-2164.5
-6842.5
-74.0
-5650.0
-2674.5
-12082.5
-8248.5
-8282.0
-8801.0
-4354.5
-1158.5
-2631.0
-7857.0
-1714.5
-7193.5
-3644.5
-5016.0
-3406.0
-4678.0
-6911.0
-3828.0
-6282.5
-7651.5
-7963.0
-4608.5
-7168.0
-12241.5
-4248.0
-7755.0
-7162.0
-282.0
-5676.5
-7515.5
-2483.0
-8489.0
-6156.0
-7868.5
-5853.5
-6772.0
-5236.0
-3606.0
-8146.5
-7602.0
-3242.0
-3435.0
583.0
-8631.5
-7644.5
-12918.5
-126.5
-1222.0
-3308.5
-4062.5
-7504.5
-6409.5
-5423.0
-2870.0
-4137.0
-4932.0
-8792.5
-9733.0
-2782.0
-9765.5
-2866.5
-6269.0
